Lp										wn		ma		
1	03.01.2017	FV 25/17	250			300
							57,5		225	
							307,5				210
2	4.01		pZ 01/2017	250			310		300

3	05.01		FV366		900			402
							207			225
							1107				100
							900			550		490

4	05.01		Rw 01/2017	6500		401		310
							6500		501		490	

5	7.01		FV 01/2017	3000				701
							690					225
							3690		200
6.	8.01		Wz	01/2017	1800		711		601-01
7.	9.01		KW6/2017	400			234		100
8.	10.01		FV351		320
9.	10.01		Kp	01/2017	6,40		100		234	

10	12.01		FV840		1200		300
							276			225	
							1476				240	

11	12.01		FV221/17	48000		300
							11040		225	
							59040				240
12	01/2017			OT			12		300		010-03		